22
31
39
27
29
34
21
39
38
21
33
31
23
37
29
30
36
27
28
30
33
34
25
21
21
31
28
25
33
33
20
34
28
25
28
20
38
36
39
36
36
34
35
34
30
31
24
39
39
23
29
34
21
25
35
32
23
37
22
27
35
23
32
27
21
29
25
31
30
23
36
34
23
37
24
35
22
20
34
30
37
25
20
24
25
30
36
31
28
31
32
22
22
36
29
28
29
34
23
27
34
30
22
38
26
34
38
39
25
37
23
34
31
36
20
39
21
35
35
21
27
36
37
27
29
37
26
39
27
22
37
38
38
23
31
25
34
36
26
35
24
28
29
34
39
35
34
32
37
30
31
37
32
33
35
27
26
21
23
37
32
21
31
37
35
20
26
30
36
38
30
36
39
24
23
34
31
34
32
24
33
36
35
27
31
23
37
37
29
37
24
37
25
22
34
23
33
26
24
39
24
39
25
26
39
39
36
30
31
39
20
38
24
34
20
35
34
32
31
25
21
25
32
28
34
27
22
32
25
31
21
28
26
27
31
36
29
35
32
34
34
30
26
31
39
38
20
24
26
32
33
27
33
34
32
37
34
39
21
32
28
35
25
27
26
20
23
21
36
26
33
35
28
39
23
24
39
35
24
22
24
23
28
23
22
27
26
32
32
25
28
36
31
38
35
32
22
31
24
24
34
34
24
32
23
26
22
28
38
37
21
37
37
28
23
31
29
23
30
32
35
38
37
37
29
37
27
31
37
33
20
24
26
27
21
22
33
33
20
26
31
25
25
32
24
34
21
21
28
30
34
20
22
24
21
37
32
29
27
27
24
34
37
26
28
28
29
24
37
24
28
31
25
30
35
20
27
25
39
22
20
39
33
36
38
27
36
27
24
26
31
21
20
24
23
27
27
37
29
22
24
24
28
39
26
38
23
26
34
31
27
33
20
23
29
36
31
30
20
30
22
31
38
27
29
29
39
39
37
30
20
34
39
34
36
35
22
23
30
29
28
21
29
31
36
22
32
20
35
39
35
36
21
26
26
35
29
29
33
34
35
25
20
33
30
37
25
28
39
35
35
34
23
36
23
26
28
22
38
39
37
26
27
34
21
20
31
24
29
28
31
32
38
38
37
20
26
30
37
37
33
30
35
26
34
24
23
30
20
25
36
36
25
31
30
34
30
27
23
33
39
33
32
30
34
27
25
23
23
28
32
36
30
22
22
38
34
30
29
23
25
38
20
27
24
35
38
23
35
22
38
33
38
23
36
39
37
36
34
38
21
24
20
38
26
29
24
30
36
24
38
37
29
37
31
35
32
29
39
38
34
27
35
34
30
26
20
30
30
22
27
30
29
37
31
20
21
39
32
32
24
20
34
28
29
30
27
38
24
25
26
22
21
26
20
36
34
24
23
26
30
34
39
38
32
38
24
34
34
24
22
32
32
27
35
30
35
23
29
34
32
28
20
35
32
30
27
27
35
36
21
31
21
31
29
38
36
25
37
26
38
30
32
37
38
33
31
35
31
37
22
30
34
34
24
30
21
32
23
34
27
26
36
24
34
22
39
24
20
30
26
38
39
29
29
28
31
31
30
27
23
36
27
39
33
34
28
37
24
29
25
23
31
33
34
29
33
38
22
34
20
25
32
21
20
27
20
30
37
32
37
24
26
23
38
37
32
28
31
35
35
38
22
21
32
34
32
25
37
21
35
27
33
25
37
30
37
32
23
32
20
34
21
33
38
30
34
24
28
30
37
37
25
30
35
30
23
34
35
22
20
36
28
29
34
34
29
22
31
30
25
27
38
25
30
25
37
34
37
25
35
22
29
31
31
22
38
34
24
39
38
36
21
20
26
37
34
36
30
30
36
39
37
35
38
38
30
28
34
39
34
28
24
30
25
38
22
28
32
22
29
28
26
39
23
38
30
26
20
37
36
34
32
39
39
30
34
39
29
34
34
29
26
24
31
35
20
23
25
31
32
24
32
26
32
30
31
21
20
39
26
33
27
26
39
25
32
30
24
35
22
33
20
24
34
27
22
32
37
35
25
25
32
30
22
27
39
34
32
22
31
35
39
32
30
29
30
25
27
36
27
22
25
29
28
30
28
30
21
33
28
32
30
31
21
38
39
33
25
28
31
20
35
31
39
32
39
22
38
25
27
20
36
31
23
36
21
21
27
24
23
32
35
29
24
36